FRAMBUESA 1050 12 10 4 20170201 20170301 20170401 20170501
BANANA 1050 14 10 6 20160606 20160806 20161006 20161206 20170206 20170406
FRUTILLA 1500 10 10 7 20160507 20160707 20160907 20161107 20170107 20170307 20170507
LIMON 1200 6 6 4 20160613 20160916 20161220 20170325
TRAMONTANA 1200 2 2 1 20170201
MASCARPONE 1500 5 5 8 20160307 20160507 20160707 20160907 20161107 20170107 20170307 20170507
NARANJA 1300 8 5 3 20170201 20170311 20170418
MARROC 1350 16 5 1 20170510
CEREZA 1000 18 4 2 20170401 20170511
MELON 1000 0 16 5 20170101 20170202 20170306 20170407 20170509
